2467
4723
7792
1486
9879
2220
3901
2760
7265
4563
3044
3194
4060
7236
2888
2514
4135
1116
9707
2164
8778
9018
1020
8347
8662
8849
7539
7656
2280
1957
7618
1751
7635
674
7432
4341
8662
5068
1386
3860
2280
4060
8778
9879
2477
1401
6473
9957
7792
1486
7265
4563
7862
2350
5669
9841
2467
4723
7792
1486
9879
2220
3901
2760
7265
4563
3044
3194
4060
7236
2888
2514
4135
1116
9707
2164
8778
9018
1020
8347
8662
8849
7539
7656
2280
1957
7618
1751
7635
674
7432
4341
8662
5068
1386
3860
2280
4060
8778
9879
2477
1401
6473
9957
7792
1486
7265
4563
7862
2350
5669
9841